    /*       A,  R,  N,  D,  C,  Q,  E,  G,  H,  I,  L,  K,	 M,
             F,	 P,  S,  T,  W,  Y,  V,  *        */ 
    /*A*/    9,   -15, -15, -9,  -15, -15, -9,  -7,  -15, -15, -15, -15, -15, 
            -15, -7,  -7,  -7,  -15, -15, -7,  -15, 
    /*R*/    -15, 9,   -15, -15, -10, -10, -15, -7,  -10, -12, -8,  -10, -12, 
            -15, -8,  -7,  -10, -10, -15, -15, -10, 
    /*N*/    -15, -15, 9,   -7,  -15, -15, -15, -15, -7,  -7,  -15, -5,  -15, 
            -15, -15, -7,  -7,  -15, -7,  -15, -15, 
    /*D*/    -7,  -15, -7,  9,   -15, -15, -5,  -7,  -7,  -15, -15, -15, -15, 
            -15, -15, -15, -15, -15, -7,  -7,  -15, 
    /*C*/    -15, -7,  -15, -15, 9,   -15, -15, -7,  -15, -15, -15, -15, -15, 
            -7,  -15, -5,  -15, -7,  -7,  -15, -7,  
    /*Q*/    -15, -7,  -15, -15, -15, 9,   -7,  -15, -5,  -15, -7,  -7,  -15, 
            -15, -7,  -15, -15, -15, -15, -15, -7,  
    /*E*/    -7,  -15, -15, -5,  -15, -7,  9,   -7,  -15, -15, -15, -7,  -15, 
            -15, -15, -15, -15, -15, -15, -7,  -7,  
    /*G*/    -7,  -6,  -15, -9,  -9,  -15, -9,  9,   -15, -15, -15, -15, -15, 
            -15, -15, -9,  -15, -11, -15, -7,  -11, 
    /*H*/    -15, -7,  -7,  -7,  -15, -5,  -15, -15, 9,   -15, -7,  -15, -15, 
            -15, -7,  -15, -15, -15, -7,  -15, -15, 
    /*I*/    -15, -10, -8,  -15, -15, -15, -15, -15, -15, 9,   -6,  -10, -7,  
            -8,  -15, -8,  -7,  -15, -15, -7,  -15, 
    /*L*/    -15, -8,  -15, -15, -15, -10, -15, -15, -10, -8,  9,   -15, -10, 
            -7,  -8,  -10, -15, -12, -15, -7,  -9,  
    /*K*/    -15, -7,  -5,  -15, -15, -7,  -7,  -15, -15, -9,  -15, 9,   -9,  
            -15, -15, -15, -7,  -15, -15, -15, -7,  
    /*M*/    -15, -7,  -15, -15, -15, -15, -15, -15, -15, -4,  -5,  -7,  9,   
            -15, -15, -15, -7,  -15, -15, -7,  -15, 
    /*F*/    -15, -15, -15, -15, -7,  -15, -15, -15, -15, -7,  -4,  -15, -15, 
            9,   -15, -7,  -15, -15, -7,  -7,  -15, 
    /*P*/    -7,  -7,  -15, -15, -15, -9,  -15, -15, -9,  -15, -7,  -15, -15, 
            -15, 9,   -7,  -7,  -15, -15, -15, -15, 
    /*S*/    -8,  -7,  -10, -15, -8,  -15, -15, -10, -15, -10, -10, -15, -15, 
            -10, -8,  9,   -7,  -12, -10, -15, -9,  
    /*T*/    -7,  -9,  -9,  -15, -15, -15, -15, -15, -15, -8,  -15, -9,  -11, 
            -15, -7,  -6,  9,   -15, -15, -15, -15, 
    /*W*/    -15, -5,  -15, -15, -5,  -15, -15, -7,  -15, -15, -7,  -15, -15, 
            -15, -15, -7,  -15, 9,   -15, -15, -5,  
    /*Y*/    -15, -15, -7,  -7,  -7,  -15, -15, -15, -7,  -15, -15, -15, -15, 
            -7,  -15, -7,  -15, -15, 9,   -15, -5,  
    /*V*/    -7,  -15, -15, -9,  -15, -15, -9,  -7,  -15, -8,  -6,  -15, -11, 
            -9,  -15, -15, -15, -15, -15, 9,   -15, 
    /***/    -15, -8,  -15, -15, -8,  -8,  -8,  -10, -15, -15, -7,  -8,  -15, 
            -15, -15, -7,  -15, -8,  -6,  -15, 9 
